0 -1
1 -1
2 -1
3 -1
4 -1
5 -1
6 0
7 0
8 0
9 0
10 0
11 0
12 0
13 0
14 0
15 0
16 0
17 0
18 0
19 0
20 0
21 0
22 1
23 1
24 1
25 1
26 1
27 1
28 1
29 1
30 0
31 0
32 0
33 0
34 0
35 0
36 0
37 2
38 2
39 2
40 2
41 2
42 2
43 2
44 2
45 5
46 5
47 5
48 5
49 5
50 5
51 5
52 5
53 7
54 7
55 7
56 7
57 7
58 7
59 7
60 7
61 8
62 8
63 8
64 8
65 8
66 8
67 8
68 8
69 11
70 11
71 10
72 10
73 10
74 10
75 10
76 10
77 10
78 10
79 14
80 14
81 14
82 14
83 14
84 14
85 14
86 15
87 15
88 15
89 15
90 15
91 15
92 15
93 15
94 21
95 21
96 21
97 21
98 21
99 21
100 21
101 21
102 22
103 22
104 22
105 22
106 22
107 22
108 22
109 22
110 27
111 27
112 27
113 27
114 23
115 23
116 23
117 23
118 23
119 23
120 23
121 23
122 30
123 30
124 30
125 30
126 30
127 30
128 30
129 30
130 32
131 32
132 32
133 32
134 32
135 32
136 32
137 32
138 29
139 29
140 29
141 29
142 29
143 29
144 29
145 29
146 33
147 33
148 33
149 33
150 33
151 33
152 33
153 33
154 24
155 24
156 24
157 24
158 24
159 24
160 24
161 24
162 38
163 38
164 38
165 38
166 38
167 38
168 38
169 38
170 39
171 39
172 39
173 39
174 39
175 39
176 39
177 39
178 45
179 45
180 45
181 44
182 44
183 44
184 44
185 44
186 44
187 44
188 44
189 42
190 42
191 42
192 42
193 42
194 42
195 42
196 42
197 47
198 47
199 47
200 47
201 47
202 47
203 47
204 47
205 49
206 49
207 49
208 49
209 49
210 49
211 49
212 49
213 20
214 20
215 20
216 20
217 20
218 20
219 20
220 20
221 41
222 41
223 41
224 41
225 41
226 41
227 41
228 41
229 4
230 4
231 4
232 4
233 4
234 4
235 4
236 4
237 34
238 34
239 36
240 36
241 31
242 31
243 31
244 26
245 26
246 26
247 26
248 1
249 1
250 1
251 1
252 1
253 13
254 13
255 13
256 13
257 13
258 13
259 13
260 19
261 19
262 19
263 19
264 19
265 19
266 19
267 40
268 40
269 40
270 40
271 40
272 40
273 40
274 40
275 18
276 18
277 18
278 18
279 18
280 18
281 18
282 18
283 9
284 9
285 9
286 9
287 9
288 9
289 9
290 9
291 37
292 37
293 37
294 37
295 37
296 37
297 37
298 37
299 48
300 48
301 48
302 48
303 48
304 48
305 48
306 48
307 6
308 6
309 6
310 6
311 6
312 6
313 6
314 6
315 28
316 28
317 28
318 28
319 28
320 28
321 28
322 28
323 12
324 12
325 12
326 12
327 12
328 12
329 12
330 12
331 35
332 35
333 35
334 35
335 35
336 35
337 35
338 35
339 3
340 3
341 3
342 3
343 3
344 3
345 3
346 3
347 2
348 2
349 2
350 2
351 2
352 2
353 2
354 2
355 17
356 17
357 17
358 17
359 17
360 17
361 17
362 17
363 16
364 16
365 16
366 16
367 16
368 16
369 16
370 16
371 43
372 43
373 43
374 43
375 43
376 43
377 43
378 43
379 46
380 46
381 46
382 46
383 46
384 46
385 46
386 46
387 25
388 25
389 25
390 25
391 25
392 25
393 25
394 25
395 5
396 5
397 5
398 5
399 5
400 5
401 8
402 21
403 21
404 21
405 21
406 21
407 21
408 21
409 21
410 22
411 22
412 23
413 23
414 23
415 23
416 23
417 23
418 23
419 23
420 30
421 30
422 30
423 30
424 30
425 30
426 30
427 30
428 32
429 29
430 29
431 29
432 29
433 29
434 29
435 29
436 29
437 33
438 33
439 33
440 33
441 33
442 33
443 33
444 33
445 24
446 24
447 24
448 24
449 24
450 24
451 24
452 24
453 38
454 38
455 38
456 38
457 38
458 38
459 38
460 38
461 39
462 39
463 39
464 39
465 39
466 39
467 39
468 39
469 44
470 44
471 42
472 42
473 42
474 42
475 42
476 42
477 42
478 47
479 47
480 47
481 47
482 47
483 47
484 47
485 47
486 49
487 49
488 49
489 49
490 49
491 49
492 49
493 49
494 20
495 20
496 20
497 20
498 20
499 20
500 20
501 20
502 41
503 41
504 41
505 41
506 41
507 41
508 41
509 41
510 4
511 4
512 4
513 4
514 4
515 4
516 4
517 4
518 40
519 18
520 18
521 18
522 9
523 9
524 9
525 9
526 9
527 9
528 37
529 37
530 37
531 37
532 37
533 37
534 37
535 48
536 48
537 48
538 48
539 48
540 48
541 48
542 6
543 6
544 6
545 6
546 6
547 6
548 6
549 6
550 28
551 28
552 28
553 28
554 28
555 28
556 28
557 28
558 12
559 12
560 12
561 12
562 12
563 12
564 12
565 12
566 35
567 35
568 35
569 35
570 35
571 35
572 35
573 35
574 3
575 3
576 3
577 3
578 3
579 3
580 3
581 3
582 2
583 17
584 17
585 17
586 17
587 17
588 17
589 17
590 17
591 16
592 16
593 16
594 16
595 16
596 16
597 16
598 16
599 43
600 43
601 43
602 43
603 43
604 43
605 43
606 43
607 46
608 46
609 46
610 46
611 46
612 46
613 46
614 46
615 25
616 25
617 25
618 25
619 25
620 25
621 25
622 25
623 21
624 21
625 21
626 21
627 21
628 21
629 21
630 21
631 23
632 23
633 23
634 23
635 23
636 23
637 23
638 23
639 30
640 30
641 30
642 30
643 30
644 29
645 29
646 29
647 29
648 29
649 29
650 29
651 29
652 33
653 33
654 33
655 33
656 33
657 33
658 33
659 33
660 24
661 24
662 24
663 24
664 24
665 24
666 24
667 24
668 38
669 39
670 39
671 39
672 39
673 39
674 39
675 39
676 39
677 47
678 47
679 47
680 47
681 49
682 20
683 20
684 20
685 20
686 20
687 20
688 20
689 20
690 41
691 41
692 41
693 41
694 41
695 41
696 41
697 41
698 4
699 4
700 4
701 4
702 4
703 4
704 4
705 4
706 6
707 6
708 6
709 6
710 6
711 28
712 28
713 28
714 28
715 28
716 28
717 12
718 12
719 12
720 12
721 12
722 12
723 12
724 12
725 35
726 35
727 35
728 35
729 35
730 35
731 35
732 35
733 3
734 3
735 3
736 3
737 3
738 3
739 3
740 3
741 17
742 17
743 17
744 17
745 17
746 17
747 17
748 17
749 16
750 16
751 16
752 16
753 16
754 16
755 16
756 16
757 43
758 43
759 43
760 43
761 43
762 43
763 43
764 43
765 46
766 46
767 46
768 46
769 46
770 46
771 46
772 46
773 25
774 25
775 25
776 25
777 25
778 25
779 25
780 25
781 21
782 21
783 21
784 21
785 21
786 21
787 21
788 21
789 23
790 29
791 29
792 29
793 29
794 29
795 33
796 33
797 33
798 33
799 24
800 24
801 24
802 24
803 24
804 24
805 24
806 24
807 39
808 20
809 20
810 20
811 20
812 20
813 20
814 20
815 20
816 41
817 41
818 41
819 41
820 41
821 41
822 41
823 41
824 4
825 4
826 4
827 4
828 4
829 4
830 4
831 4
832 12
833 12
834 35
835 35
836 3
837 3
838 3
839 3
840 17
841 17
842 17
843 17
844 16
845 16
846 16
847 16
848 16
849 16
850 16
851 16
852 43
853 43
854 43
855 43
856 43
857 43
858 43
859 43
860 46
861 46
862 46
863 46
864 46
865 46
866 46
867 46
868 25
869 25
870 25
871 25
872 25
873 25
874 25
875 25
876 21
877 21
878 21
879 21
880 21
881 21
882 21
883 21
884 24
885 24
886 24
887 24
888 24
889 24
890 24
891 24
892 20
893 20
894 20
895 20
896 20
897 20
898 20
899 20
900 41
901 41
902 41
903 41
904 41
905 41
906 41
907 41
908 4
909 4
910 4
911 4
912 4
913 4
914 4
915 4
916 16
917 16
918 16
919 16
920 16
921 16
922 16
923 16
924 43
925 43
926 43
927 43
928 43
929 43
930 43
931 43
932 46
933 46
934 46
935 46
936 46
937 46
938 46
939 46
940 25
941 25
942 25
943 25
944 25
945 25
946 25
947 25
948 21
949 21
950 21
951 21
952 21
953 21
954 21
955 21
956 24
957 24
958 24
959 24
960 24
961 24
962 24
963 24
964 20
965 20
966 20
967 20
968 20
969 20
970 20
971 20
972 41
973 41
974 41
975 41
976 41
977 41
978 41
979 41
980 4
981 4
982 4
983 4
984 4
985 4
986 4
987 4
988 16
989 16
990 16
991 16
992 16
993 16
994 16
995 16
996 43
997 43
998 43
999 43
1000 43
1001 43
1002 43
1003 43
1004 46
1005 46
1006 46
1007 46
1008 46
1009 46
1010 46
1011 46
1012 25
1013 25
1014 25
1015 25
1016 25
1017 25
1018 25
1019 25
1020 21
1021 21
1022 21
1023 21
1024 21
1025 21
1026 21
1027 21
1028 24
1029 24
1030 24
1031 24
1032 20
1033 20
1034 20
1035 20
1036 20
1037 20
1038 20
1039 20
1040 41
1041 41
1042 41
1043 41
1044 41
1045 41
1046 41
1047 41
1048 4
1049 4
1050 4
1051 4
1052 4
1053 4
1054 4
1055 4
1056 16
1057 16
1058 16
1059 16
1060 16
1061 16
1062 16
1063 16
1064 43
1065 43
1066 43
1067 43
1068 43
1069 43
1070 43
1071 43
1072 46
1073 46
1074 46
1075 46
1076 46
1077 46
1078 46
1079 46
1080 25
1081 25
1082 25
1083 25
1084 25
1085 25
1086 25
1087 25
1088 21
1089 21
1090 21
1091 21
1092 21
1093 21
1094 20
1095 20
1096 20
1097 20
1098 20
1099 20
1100 20
1101 20
1102 41
1103 41
1104 41
1105 41
1106 41
1107 41
1108 41
1109 41
1110 4
1111 4
1112 4
1113 4
1114 4
1115 4
1116 4
1117 4
1118 16
1119 43
1120 43
1121 43
1122 43
1123 43
1124 43
1125 43
1126 43
1127 46
1128 46
1129 46
1130 46
1131 46
1132 46
1133 46
1134 46
1135 25
1136 25
1137 25
1138 25
1139 25
1140 25
1141 25
1142 25
1143 20
1144 20
1145 41
1146 41
1147 41
1148 41
1149 41
1150 41
1151 41
1152 41
1153 4
1154 4
1155 4
1156 4
1157 4
1158 4
1159 4
1160 4
1161 43
1162 46
1163 46
1164 46
1165 46
1166 46
1167 46
1168 46
1169 46
1170 25
1171 25
1172 25
1173 25
1174 25
1175 25
1176 25
1177 25
1178 41
1179 41
1180 41
1181 41
1182 41
1183 41
1184 41
1185 41
1186 4
1187 4
1188 4
1189 4
1190 4
1191 4
1192 4
1193 4
1194 46
1195 46
1196 46
1197 46
1198 46
1199 46
1200 46
1201 46
1202 25
1203 25
1204 25
1205 25
1206 25
1207 25
1208 25
1209 25
1210 41
1211 41
1212 41
1213 41
1214 41
1215 41
1216 41
1217 41
1218 4
1219 4
1220 4
1221 4
1222 4
1223 4
1224 4
1225 4
1226 46
1227 46
1228 46
1229 46
1230 46
1231 46
1232 46
1233 46
1234 25
1235 25
1236 25
1237 25
1238 25
1239 25
1240 25
1241 25
1242 41
1243 41
1244 41
1245 41
1246 41
1247 4
1248 4
1249 4
1250 4
1251 4
1252 4
1253 4
1254 4
1255 46
1256 46
1257 46
1258 46
1259 46
1260 46
1261 25
1262 25
1263 25
1264 25
1265 25
1266 25
1267 25
1268 25
1269 4
1270 4
1271 25
1272 25
1273 -1
