d3fa2a8d64f9549d6d20ff59c3c38b66 48d0247730153e25fd1b2cb765bfb9be 132  96  56  80  64  64  96 104 108  72  72  72 100  80  64  56  56  56  56  72  88  56  64  88  64  64  88  64  56  88  72  72  64  64  80  88  72  72  56 140  56  56  56  96  84  64  64  64  64  64  64 104  84  72  72 104  72  72 112  64  72  72  64 120 
84d1fb712cdbf97c918b8a3410965a19 fdb8ad1e24a2b4b2e54a0828f8cb497a  64  64  56  56  56  56  56  56  56  56  48  56  56  56  56  48  56  52  48  56  56  56  56  56  64  56  64  64  56  56  56  64  64  64  64  56  64  64  56  84  56  56  56  56  56  56  56  56  56  56  56  56  56  56  56  48  56  56  56  56  56  56  56  56 
ac1631fb871efa4646a8439060f90602 c18a121fca66294fd814ccd4f94458cc  64  64  56  56  48  56  56  56  56  56  56  48  56  56  48  56  56  56  56  56  56  56  56  56  64  64  64  64  56  56  56  64  64  64  64  64  64  64  64  56  56  56  56  56  56  56  56  52  56  56  56  56  56  48  56  56  56  56  52  56  56  56  56  56 
4b07c7b578d39f83cfe1da2431559ff2 2c72dcb671c8dab26cb5a6c48d65942a  64  64  56  56  56  56  56  56  56  56  52  56  56  56  56  56  56  56  56  56  56  56  48  56  64  64  64  64  56  56  56  64  64  64  64  64  56  64  64  56  56  48  56  56  56  52  48  56  56  56  56  56  56  56  56  48  56  56  56  56  48  56  56  56 
bfc6f514f0f1347b77b258e98845ce69 5990c23106ab3e1198a247586f275e05  64  64  48  56  56  52  56  56  56  56  56  56  56  56  56  56  56  56  56  56  56  56  48  56  64  64  64  64  56  56  56  64  64  64  64  64  64  64  64  56  56  56  56  56  56  56  56  56  56  56  56  56  56  56  56  56  56  56  56  56  52  56  56  64 
e342a94e850de0ec34f9eeb60fb2777e 4a9fd6d6b88bf376157b43c6ecb9febe  64  64  56  56  56  56  56  56  56  56  56  56  56  56  56  56  56  56  56  56  56  56  48  56  64  64  64  56  48  56  56  64  64  64  64  64  64  64  64  56  56  56  56  56  56  56  56  52  48  56  56  56  56  56  56  56  56  56  56  56  56  56  56  64 
d9ba0c15c62e0604aed08ef365441006 48fc04f4976cbb1be3554c3dde8a8ae9  64  64  56  56  56  56  56  56  56  56  56  56  56  56  52  48  56  56  56  56  56  56  56  56  64  64  64  56  56  56  56  64  64  60  64  60  60  60  64  56  52  56  56  56  52  56  56  56  56  56  56  56  56  56  56  56  56  56  56  56  56  56  56  64 
432f4bbcdc2b4e182469a972763873bc af95bb70c1239c0ca5e1f88490848079  64  64  56  56  56  56  56  56  56  56  56  56  56  56  56  56  56  56  56  48  56  48  56  56  64  64  64  64  56  56  56  64  64  64  64  64  64  64  56  56  56  56  56  56  56  56  56  56  56  56  56  56  56  56  56  48  56  56  56  56  56  56  56  56 
1cdf1001b0ec775515e2bbe9fd72d9cf d9c0644a9330fb0f02ad452eedd66de0  64  64  56  48  56  56  56  56  56  56  56  56  52  56  56  56  56  56  56  56  48  56  56  56  64  64  64  64  56  56  56  64  64  64  64  64  64  64  64  56  56  56  56  48  56  56  56  56  56  48  56  56  48  56  56  56  56  56  56  56  56  56  56  64 
4271ab05fbe992d4d07e40f25feac8df 52ebbd9ffea73e87fee125ea8d55b927  64  64  56  56  56  56  56  56  56  56  56  56  48  56  56  56  56  56  56  56  56  56  56  56  64  64  64  64  56  48  56  64  64  64  64  64  64  64  64  56  56  56  56  56  56  56  56  56  56  56  56  56  56  56  56  56  56  56  56  56  56  56  56  56 
b59fe82b33b5a8736905f05281687ab2 0f4639666f3ff6e55405ed4282048d96  64  64  56  56  56  56  56  48  56  56  56  56  56  56  56  56  56  48  56  56  56  56  56  56  64  64  64  64  56  56  56  56  64  64  64  64  64  64  64  56  56  56  56  48  56  56  56  56  56  56  56  56  56  56  56  56  56  56  56  56  56  56  56  64 
42113c1be30a070d0dba796822986951 e58720eb17ac355caae57f08ab724c1b  64  64  56  56  56  56  56  52  56  56  48  52  56  56  56  56  56  56  56  56  56  56  56  56  64  64  64  64  56  56  56  64  64  64  64  64  64  64  64  56  56  56  56  56  56  56  56  56  56  56  56  56  56  56  56  56  56  56  56  56  56  48  56  56 
47aa4a9ecd78682f05e4332eea62720d e75142cc414235ea63dc686032cf0f78  64  64  56  56  56  56  56  48  56  56  56  56  56  56  56  56  56  52  56  56  56  56  56  56  64  64  56  64  56  56  56  64  64  64  64  64  64  64  64  56  48  56  56  56  56  56  56  56  56  56  56  56  56  56  56  56  56  56  56  56  56  56  56  64 
a6bb745cdc270cdb2d2886cd249237fe cda628958fcc9bb95e8fbab034bea2ae  64  64  56  48  56  56  56  56  56  56  56  56  56  56  56  56  56  56  56  56  56  56  56  56  56  64  64  56  56  56  56  64  64  56  64  64  64  64  64  56  56  56  48  56  56  48  56  56  56  56  56  56  56  56  56  56  56  56  56  56  48  56  56  64 
ff066ba420be72b2e267cbb1e5ff2b13 47e5a28dc0dd11203b62721da59a3df1  64  64  56  56  56  52  56  56  56  56  56  56  56  48  56  56  56  56  56  48  56  56  56  56  64  64  64  64  56  56  56  64  64  64  56  64  64  64  64  56  56  56  56  56  56  56  56  56  56  56  56  56  56  56  56  56  56  48  56  56  56  56  56  56 
0ce08c5fca91b4b0bfc86cdd62b0af62 5f69ac9b975381e10d355f6538b6db2a  64  64  56  56  56  56  56  56  56  48  48  56  56  48  48  48  56  56  56  56  56  56  56  48  64  64  64  64  56  56  56  64  64  64  64  64  64  64  64  52  56  56  52  56  56  56  56  56  56  56  56  56  56  56  56  56  56  56  56  48  56  56  56  56 
d3d8b0411795d6508ee7b7466e116a0a bdeaf7d77db7aac79344deb560127383  64  64  56  56  56  56  56  56  56  56  56  56  56  56  56  56  56  56  56  56  56  56  56  56  64  64  64  64  48  56  56  64  64  64  56  64  64  64  64  56  56  56  56  56  56  56  56  56  56  56  56  56  56  56  56  56  56  56  56  48  56  56  56  56 
43ad3e18d7903da6567319ec4828115e 69ff158527f3a646bc5e527f77b45872  64  64  56  56  48  48  56  48  56  56  56  56  56  56  56  56  56  56  56  56  56  56  56  56  64  64  64  56  56  56  56  64  64  64  64  56  64  56  64  56  56  56  56  56  56  56  56  56  56  56  48  56  56  56  56  56  56  56  56  56  56  56  52  56 
4a29a85edb2699074c67d5b38bb5df77 20284415f3197b2e965cf96dd9e46d9d  64  64  56  56  56  48  56  56  56  56  56  56  56  56  56  56  56  56  56  56  56  56  48  56  64  64  64  64  56  56  56  56  64  64  64  64  64  56  64  56  56  56  52  56  48  56  56  56  56  56  56  56  56  56  56  56  56  56  56  56  56  56  56  64 
626469d0fcffac5eb305a97ddecbca4c bb66254c27eea062bf7a32b513ab3cdf  64  64  56  56  56  56  56  48  56  56  56  56  56  56  56  56  56  56  56  56  56  56  56  56  64  64  64  64  56  56  56  64  64  56  64  56  64  64  64  56  56  56  56  56  56  56  56  56  56  56  56  56  56  48  56  56  56  56  56  56  56  56  56  64 
5a68032e3f92c7c49438e3dcdb7aa063 4dce675cc2b9c0d3fb5a68100fe099e8  64  64  56  56  56  56  56  56  56  56  56  56  56  56  56  56  56  56  56  56  56  48  56  56  64  64  64  64  56  56  56  64  64  64  64  64  64  64  64  56  56  56  56  56  52  56  56  56  56  56  56  56  56  56  56  56  56  56  56  56  56  56  56  64 
c4a48c976b4a1859e00e8349a1c16258 aef9d378b494a3a522cff116577ac181  64  64  56  48  56  56  56  56  56  56  56  56  56  56  56  56  56  56  56  56  56  56  56  56  64  64  64  64  56  56  56  64  64  64  64  64  64  56  64  56  56  56  56  56  48  56  56  56  48  56  56  56  56  56  56  56  56  56  56  52  56  56  56  56 
06f706c558a2a564f568e6d1942218cf 47271fc5e13a248242600bf5211f90bf  64  64  56  56  56  56  56  56  56  56  56  52  56  56  56  56  56  56  56  56  56  56  56  56  64  64  64  64  56  56  56  56  64  64  64  64  64  64  64  56  56  56  56  56  56  56  56  56  56  56  56  56  56  56  56  56  56  48  52  56  56  56  48  56 
821181f991ef357e8dc6680be2dcac53 8f18b864fdbec615356d3537c9d623ff  64  64  56  56  56  56  56  56  56  56  56  56  56  56  56  56  56  56  56  56  56  48  56  56  56  64  64  64  48  56  56  64  64  64  64  64  64  64  64  56  56  56  56  56  56  48  56  48  56  48  56  56  56  56  56  56  48  56  56  56  56  56  56  64 
82ec691305eff6f855f2888848b3719a 4a6f750b0ff5d6285eb81a83fb9df113  64  56  56  56  56  56  56  56  48  48  56  56  56  56  56  56  56  56  56  56  56  56  56  56  64  64  56  56  56  56  56  64  64  64  64  64  64  64  56  56  56  56  52  56  56  56  56  56  56  56  56  56  56  56  56  56  56  56  56  56  56  56  56  64 
78fb7774c88b676abf3f21abfcb519af 08eaad5dd18110a4a486fb02dd807532  64  64  56  48  56  56  56  56  56  56  56  56  56  56  56  56  56  56  56  56  56  56  56  56  64  64  64  64  56  56  56  64  64  64  64  56  64  64  64  56  56  56  56  56  56  56  56  56  56  56  56  56  56  56  56  56  56  56  56  56  56  56  56  56 
74a535da47a0e0480106feaf163ec2c0 5783c977f43c8fe915d81a1e955cd15d  56  64  56  56  56  56  56  56  56  56  56  56  48  56  56  56  56  56  56  48  56  56  56  56  64  64  64  64  56  56  56  64  64  64  64  64  64  64  64  56  56  56  48  56  56  56  56  56  56  56  56  56  56  48  56  56  56  56  56  56  56  56  56  64 
